-1.804
0.612
1.94
1.924
-1.184
-1.268
1.536
0.628
-1.756
-0.736
2.632
1.24
1.96
2.44
0.86
-2.108
-1.596
-1.272
-0.796
-0.748
0.46
-1.804
-1.704
-0.768
2.464
1.184
2.816
0.672
2.78
0.652
0.408
1.716
-0.14
0.968
1.676
-1.652
3.2
1.344
2.328
-1.312
-0.144
-1.46
-0.056
2.112
1.392
-0.392
2.864
2.728
0.744
1.676
-2.236
-0.012
-0.248
-1.816
1.996
0.636
1.232
0.208
-1.608
-0.256
-0.172
-0.236
-1.856
0.076
3.284
0.616
0.888
1.592
2.744
2.584
2.016
0.036
-1.032
-1.912
1.884
0.944
2.392
2.64
-1.192
2.924
3.172
-1.82
1.524
-1.824
-2.244
-1.72
-1.82
3.176
2.084
1.88
-0.88
-0.944
1.212
2.544
0.524
0.948
1.78
-0.424
0.46
1.892
-2.224
2.256
0.916
1.948
-1.876
0.68
1.844
0.4
0.472
1.256
1.732
2.076
3.164
-1.428
2.06
0.524
-1.284
-2.072
0.672
2.244
-1.02
1.316
0.272
0.432
2.22
2.208
0.432
0.212
1.908
-0.144
1.88
1.78
2.724
-2.06
1.46
-1.392
-1.012
2.492
-1.304
1.22
-0.46
0.528
2.168
-1.632
0.104
0.132
2.92
-0.74
0.168
-0.112
2.572
-0.884
0.716
2.48
2.444
-0.064
-0.096
2.3
0.712
-1.288
-0.552
2.8
1.76
1.616
1.848
2.944
-0.996
0.044
2.348
0.548
-0.244
3.328
0.308
3.016
1.972
0.156
-1.02
-2.18
-1.532
1.228
0.688
-2.0
-1.724
-2.196
2.256
2.532
0.596
-0.72
-1.516
2.132
-1.332
-0.832
-2.192
1.552
2.276
-1.748
3.184
-0.724
1.088
-0.168
1.2
-0.252
-0.508
1.292
3.272
0.104
-0.32
-0.38
-0.712
3.288
-0.816
3.224
1.032
0.372
-0.456
-0.284
2.452
2.632
0.072
1.944
1.528
-2.228
2.796
0.236
0.432
2.752
-1.296
2.568
-0.896
1.44
2.956
-1.964
2.156
1.208
-1.372
0.52
-1.364
2.892
3.02
1.692
0.748
2.164
2.392
-1.8
-0.5
-1.988
3.332
-2.092
-1.924
3.072
2.14
-2.172
-2.088
-0.648
1.76
-1.96
0.224
-1.344
0.216
0.276
0.332
-0.72
-1.696
-0.876
1.776
0.012
2.556
-1.0
-1.5
1.528
1.396
3.244
-0.052
-1.668
0.356
3.256
-0.012
0.684
-0.416
-2.192
1.48
1.564
1.268
0.5
2.972
2.972
3.192
2.632
0.7
2.52
-1.808
0.812
2.3
1.016
-0.128
2.976
-0.032
2.66
-1.356
2.368
1.156
1.856
-1.112
1.08
1.316
0.824
0.94
2.484
1.696
-1.852
-0.312
-0.788
-1.896
-0.972
1.392
1.2
-0.568
0.916
0.68
0.224
2.828
3.18
2.86
-1.048
-1.872
1.016
3.344
-0.12
-0.948
1.552
1.06
-1.26
0.328
3.308
-0.48
1.936
0.408
2.668
-0.284
2.992
2.804
-0.172
1.664
-0.3
2.14
0.164
1.108
1.444
1.336
3.352
1.76
2.316
1.608
-0.036
2.212
1.692
2.764
-0.8
-1.96
-0.44
3.292
-0.36
-0.688
0.936
2.872
0.84
0.836
2.844
-0.1
2.808
3.368
-1.128
-2.076
-1.568
-1.608
-2.108
0.356
-2.096
-1.808
-1.644
1.392
-0.876
2.224
0.204
1.268
1.452
0.572
2.272
3.236
-1.312
0.592
-0.74
2.364
1.62
-2.096
-1.296
2.016
2.024
3.224
3.276
2.856
-0.9
-1.752
-1.448
0.42
-0.032
1.964
-0.172
-1.372
-0.572
-1.776
-1.968
0.6
2.16
3.072
2.888
2.304
1.284
-0.192
2.76
1.944
2.904
-1.408
3.112
-0.54
0.592
1.772
3.124
1.204
0.628
-1.68
2.632
0.736
-2.12
1.688
-1.232
0.052
-0.964
0.044
2.568
2.076
3.336
-1.556
-0.32
-0.552
0.396
2.408
2.868
2.188
2.356
2.672
0.056
0.148
-1.704
-0.42
-0.064
-1.816
1.792
-1.756
3.12
2.724
-1.752
-0.832
-0.76
2.144
1.78
0.524
0.848
-1.876
3.232
-0.724
3.068
-1.096
-0.1
0.616
2.332
0.54
3.22
2.732
1.428
-2.008
0.304
-0.356
3.016
-0.032
0.2
-2.16
-0.444
0.644
-0.336
-0.344
-1.508
-0.612
-1.432
1.828
0.192
1.472
3.236
2.072
0.012
-0.492
-0.084
-1.704
2.38
2.248
-0.28
-2.092
2.072
-0.964
1.016
1.616
-1.516
2.996
0.864
1.228
0.68
3.236
3.084
1.716
3.008
0.764
1.636
3.32
-0.66
2.856
1.812
-0.704
3.076
2.916
1.756
0.748
-1.12
-1.428
-1.104
-1.324
2.904
-0.616
1.46
2.528
0.74
0.532
-0.704
-0.936
1.256
2.488
-1.112
2.912
-0.44
-1.68
3.12
3.352
0.18
2.18
0.016
-0.344
1.564
-0.328
-1.252
-1.708
-0.408
3.28
-2.092
-1.14
-0.504
3.112
-1.12
3.176
2.116
-1.864
1.432
-0.548
-0.016
-0.68
0.148
0.352
0.204
-0.904
2.344
2.576
-1.704
1.4
1.604
-1.472
-0.276
-0.452
-1.44
2.172
-0.472
1.312
2.396
-1.968
2.02
1.04
-0.248
2.224
2.836
-1.7
2.176
-0.924
-0.832
-0.484
2.752
2.284
1.072
-1.988
-1.92
-1.3
-0.168
0.02
-1.616
2.624
-0.66
-1.532
0.824
-1.776
-1.788
-0.084
1.328
1.324
1.756
-1.38
3.004
0.368
-0.352
0.008
-0.496
2.504
-0.776
0.08
-1.496
-1.904
-0.232
2.5
2.436
-1.712
0.648
1.232
-1.056
1.08
0.808
-1.936
-0.592
1.6
1.788
-1.964
-0.204
-0.156
0.44
-0.216
1.272
-0.088
3.164
-0.744
-2.116
0.22
3.284
-0.896
-0.052
-2.196
0.78
1.672
-0.148
2.92
3.34
1.956
2.948
1.556
2.924
2.696
2.052
1.824
3.056
-0.216
-1.524
-1.592
-0.628
1.856
-1.58
-1.14
2.044
0.54
0.708
2.968
0.488
-1.272
2.832
1.176
2.432
2.868
-0.54
1.6
-1.796
0.548
1.084
-0.18
3.068
-0.484
-1.456
-1.716
-0.32
2.228
0.5
0.26
2.136
2.652
2.92
2.544
-0.356
3.144
0.34
1.824
-1.932
-0.264
-1.672
0.2
0.072
1.276
1.832
0.344
1.34
1.944
-2.1
-0.292
-1.588
-0.5
-0.252
1.644
-0.844
1.756
-0.92
1.552
-1.356
-2.164
-1.14
-1.808
0.696
-1.168
-2.108
-0.16
1.792
1.328
2.288
3.124
-0.652
2.788
-1.432
2.88
2.164
2.848
-1.756
-1.736
2.488
0.004
2.636
-0.904
0.804
1.052
-1.776
0.564
-0.092
-2.12
-1.224
-2.248
1.948
2.704
2.82
-1.188
0.66
-0.752
-1.756
1.188
1.568
2.76
-0.968
-0.488
2.536
-1.74
2.104
0.524
3.152
2.56
1.068
2.584
3.38
2.352
-1.92
2.876
1.432
2.248
3.264
-1.96
-0.072
0.268
2.728
-1.376
-0.696
-1.06
0.796
-1.108
-1.632
2.012
-1.096
0.816
2.156
-1.68
-2.128
0.168
1.888
1.604
-1.248
-1.092
-2.088
2.268
0.408
1.112
-1.604
1.248
-0.912
-0.652
-0.048
3.02
0.812
-0.28
2.38
1.688
3.26
-0.616
-0.172
2.072
0.168
2.496
2.216
1.968
0.672
-1.404
-0.524
0.684
1.428
2.944
-2.196
-0.42
-1.516
0.928
1.728
1.096
0.916
3.204
-0.9
-1.664
-0.22
0.472
-0.396
-2.184
1.784
0.8
-1.084
3.068
-2.14
0.792
-0.628
2.984
0.692
2.308
2.288
-1.216
3.044
2.06
0.556
1.92
-1.872
-0.54
-1.98
-0.404
3.028
-0.744
-1.348
0.808
-1.3
-0.72
-0.964
-1.712
1.036
2.156
3.176
1.992
2.16
1.324
1.048
1.16
2.584
1.712
-0.58
-1.248
0.14
-0.84
2.04
1.48
-1.732
-1.224
3.032
-0.132
3.296
-0.476
0.412
2.68
-1.904
0.78
-1.888
1.456
0.724
1.7
0.608
0.368
-0.748
-2.148
1.976
2.792
-1.888
-2.236
-0.948
-1.004
-1.624
-0.052
-1.74
-0.756
1.232
3.052
1.056
0.24
0.488
2.656
2.456
-1.464
2.232
0.1
-2.256
-2.152
-1.28
0.84
0.964
-0.52
0.236
-0.648
2.712
2.924
2.552
1.1
2.148
-0.724
1.0
2.24
-1.852
-0.632
-0.592
0.448
-0.776
-0.504
-0.544
0.184
-0.668
-1.048
0.488
-2.26
0.224
1.72
2.272
1.716
1.332
0.78
3.084
-0.492
0.744
2.168
2.048
0.26
0.928
3.388
1.788
0.384
3.2
0.596
-1.2
-0.3
1.612
-2.216
-0.236
-1.556
1.428
0.648
-0.7
-1.04
2.348
2.2
-0.74
-1.524
2.196
2.82
3.036
3.2
0.056
-1.288
0.304
-0.132
0.124
2.068
-0.952
2.792
1.124
2.376
1.052
0.404
0.568
2.796
0.996
1.932
-0.752
1.2
-2.012
-0.256
-2.064
-0.524
-0.732
-1.1
2.024
-1.444
-0.94
