1.244
2.948
0.14
-0.476
-0.036
3.064
2.508
2.908
1.108
-0.004
3.684
0.472
3.128
1.54
2.652
0.524
3.508
0.196
0.78
1.128
0.232
0.296
2.908
1.124
3.712
1.688
1.132
1.792
3.404
2.048
2.072
1.564
1.448
2.608
0.924
0.704
0.7
2.428
-0.268
3.72
2.244
3.284
0.436
-0.292
3.244
0.572
-0.056
2.64
-0.028
2.324
2.984
3.336
-0.016
0.876
1.688
0.796
-0.532
-0.3
1.984
1.012
3.948
2.492
2.2
-0.48
3.0
-0.252
-0.296
-0.404
0.92
0.26
-0.028
3.312
-0.38
3.564
3.196
0.772
0.672
3.94
1.812
3.044
1.884
3.056
0.22
1.596
2.804
2.132
-0.508
0.508
0.072
2.076
2.34
-0.156
3.648
2.556
2.224
-0.02
3.404
2.112
2.032
0.66
3.652
0.192
-0.024
3.424
-0.484
1.664
0.144
3.936
1.096
3.58
1.076
0.472
-0.272
3.076
-0.492
1.54
-0.524
3.2
2.356
-0.104
1.296
3.292
1.848
1.616
1.78
1.644
3.272
0.268
2.16
1.556
1.264
2.896
2.668
-0.404
1.48
0.224
0.352
-0.192
3.296
3.756
-0.512
3.752
3.6
2.324
2.128
0.34
1.776
-0.6
0.588
0.412
-0.036
1.552
1.592
0.24
0.268
1.072
-0.54
-0.16
2.14
-0.24
3.612
2.252
2.348
1.96
2.724
0.092
2.676
0.356
3.824
-0.052
0.132
3.608
1.56
1.388
0.172
-0.236
0.816
2.484
0.108
1.956
-0.308
2.544
0.156
0.808
2.712
3.792
0.152
0.444
3.9
1.144
1.784
3.24
1.82
0.984
0.764
0.308
1.756
-0.372
1.208
2.696
2.636
3.916
1.236
3.508
-0.196
2.928
-0.072
3.448
0.132
0.556
2.768
2.828
0.112
1.06
3.704
1.944
0.884
1.248
0.48
2.024
2.644
2.304
0.924
0.1
3.676
0.12
0.288
2.364
0.488
0.908
3.236
2.248
1.256
-0.232
2.76
2.42
1.256
2.724
0.436
2.052
2.46
2.96
1.252
0.796
2.248
-0.008
3.196
0.096
2.864
1.844
-0.296
3.868
1.692
0.488
1.96
3.676
3.92
2.188
2.496
2.088
3.74
2.76
1.072
-0.564
2.736
3.016
1.504
-0.284
-0.5
-0.372
0.912
1.156
2.796
-0.512
2.096
-0.316
-0.404
3.624
0.212
2.012
0.668
1.632
-0.032
2.288
1.5
-0.144
2.992
3.78
0.932
0.376
2.892
1.832
1.052
1.048
3.08
2.336
3.604
1.028
3.136
2.448
2.34
0.168
3.716
2.728
2.136
0.488
2.516
1.656
-0.468
0.284
2.392
1.692
2.992
0.356
1.092
1.696
1.188
1.768
1.6
3.776
1.78
2.028
1.98
2.976
3.716
2.62
2.78
1.728
2.844
1.256
1.492
0.54
1.048
1.3
0.728
-0.256
1.42
2.676
0.86
3.396
1.388
2.388
3.944
3.22
1.768
1.36
1.808
2.816
0.372
1.512
0.672
0.324
0.808
3.14
1.172
0.66
3.656
0.544
0.74
0.084
3.556
-0.264
0.012
3.944
-0.516
0.164
2.956
2.756
-0.2
3.524
2.18
0.036
1.344
2.668
0.292
3.868
-0.492
0.22
-0.52
3.816
0.648
3.36
3.816
-0.344
2.104
1.192
2.692
2.568
3.848
0.904
3.0
3.684
1.396
2.636
2.412
0.5
1.408
2.252
-0.548
2.948
1.776
-0.584
3.92
0.644
1.632
3.216
0.244
1.208
0.876
3.232
0.248
1.148
-0.252
1.232
0.944
-0.02
3.072
0.048
-0.164
0.268
1.092
-0.2
-0.136
0.02
2.808
3.364
2.068
1.936
-0.34
0.308
3.748
2.336
3.648
2.06
0.08
3.032
0.02
2.112
2.86
2.776
1.528
3.36
2.504
1.052
-0.408
3.052
2.888
3.724
3.548
2.852
1.504
1.192
2.896
3.7
2.592
-0.052
-0.456
2.204
0.972
1.656
0.856
1.244
1.548
3.528
-0.576
3.58
-0.044
3.736
2.264
1.74
3.4
3.084
1.512
0.148
0.984
3.056
3.124
0.768
0.232
2.288
3.12
0.7
1.576
3.632
1.944
2.752
2.852
-0.032
3.364
3.864
-0.036
-0.336
2.168
-0.336
-0.08
2.024
0.728
3.072
3.584
0.316
0.88
0.712
0.812
1.608
3.82
1.584
3.476
3.836
2.104
3.892
0.708
2.48
3.664
2.172
-0.216
2.012
2.56
3.928
2.5
3.276
1.876
1.032
1.356
3.812
1.512
3.184
2.2
1.836
0.104
0.588
-0.06
0.752
0.32
-0.232
-0.004
0.004
2.752
1.816
0.14
3.188
0.44
3.72
1.684
3.136
2.716
0.588
3.916
0.696
0.268
3.784
2.764
1.724
1.868
0.2
3.72
3.012
2.556
2.424
1.784
2.604
0.264
2.924
-0.292
1.844
2.112
1.692
0.756
2.788
2.076
0.928
3.696
3.296
3.136
2.724
0.896
3.224
-0.404
3.676
0.624
1.096
3.488
2.368
3.02
2.456
2.728
0.856
2.584
0.372
-0.32
-0.212
0.928
0.62
0.252
2.236
2.896
-0.1
2.852
3.54
0.46
-0.384
3.688
-0.228
3.588
-0.536
2.648
3.664
2.156
-0.132
1.292
1.096
-0.208
2.816
-0.056
0.468
3.704
1.92
1.448
3.256
0.2
-0.46
0.784
0.592
3.652
3.584
1.02
2.588
3.66
2.604
3.324
-0.292
1.116
2.78
0.244
1.668
3.848
-0.388
1.304
3.46
2.18
3.292
-0.04
3.228
0.908
2.776
2.004
-0.172
2.3
1.152
3.924
1.396
3.94
2.232
1.992
-0.424
1.168
1.692
-0.328
3.64
2.596
-0.12
1.188
1.06
3.88
2.952
2.092
2.936
-0.448
3.168
2.688
3.192
1.696
-0.388
3.492
1.948
3.476
-0.312
-0.18
-0.468
1.884
3.66
1.828
-0.072
2.9
2.756
1.648
0.18
2.652
3.112
3.776
1.756
0.588
1.104
0.12
3.656
-0.476
3.944
-0.568
2.316
3.648
-0.468
3.892
1.196
1.268
1.108
1.116
2.396
1.872
0.96
1.464
0.632
0.364
2.316
1.94
-0.512
-0.384
-0.104
3.292
1.132
0.924
1.912
1.772
2.832
3.884
3.768
0.532
3.964
1.388
1.928
-0.508
1.056
-0.428
2.956
2.82
2.948
3.328
0.636
-0.26
2.688
3.444
1.4
0.924
2.552
-0.196
1.792
3.112
-0.292
3.16
-0.116
2.464
1.652
2.54
1.536
3.708
3.084
1.836
1.656
3.956
3.504
0.268
3.784
1.212
0.852
3.272
0.336
1.196
1.52
0.98
3.888
-0.128
-0.404
1.84
0.452
-0.484
0.092
-0.268
1.4
3.216
0.672
-0.044
1.1
1.04
2.548
2.904
3.596
2.132
3.828
0.056
3.772
2.432
2.108
2.336
-0.492
-0.112
3.236
1.56
2.612
1.008
1.02
3.712
3.892
2.936
3.208
0.244
3.272
2.096
3.012
3.816
2.424
0.112
-0.352
0.5
2.0
0.56
-0.432
-0.404
1.46
0.968
3.416
2.74
0.968
0.276
3.268
3.904
3.5
1.9
2.988
0.964
3.824
0.816
0.36
1.928
2.284
-0.072
0.456
0.8
0.944
1.728
2.38
1.716
0.9
3.44
-0.104
2.08
1.952
1.452
0.312
3.284
-0.336
3.392
0.236
0.8
1.672
2.64
-0.076
2.016
2.78
1.984
0.324
0.116
0.532
0.604
3.272
2.976
1.936
1.128
2.512
0.996
1.2
-0.492
1.492
2.16
2.688
1.104
1.324
1.54
3.092
0.404
2.456
1.752
-0.552
1.336
2.712
2.368
0.224
3.06
2.172
0.088
1.028
1.816
3.548
3.816
1.92
3.124
2.192
3.132
2.868
3.4
1.076
3.284
2.844
2.456
-0.372
2.084
3.824
2.74
1.648
2.192
1.336
1.312
-0.244
0.22
2.596
2.212
0.368
1.988
1.64
-0.02
1.472
0.944
1.624
3.64
2.388
0.064
2.764
2.98
3.604
-0.36
0.836
0.74
1.764
1.48
3.6
3.232
0.24
1.612
1.572
-0.092
-0.06
3.54
1.304
2.828
1.152
3.276
0.424
-0.484
2.4
0.004
1.472
3.628
1.836
0.388
-0.348
1.152
3.944
-0.188
1.564
0.464
2.372
2.004
1.772
2.552
2.708
-0.008
1.844
3.192
0.912
0.096
1.9
2.34
0.512
1.06
-0.256
0.62
3.32
2.128
2.108
3.628
3.656
1.46
3.536
3.56
3.184
1.696
1.0
3.616
2.7
0.916
3.04
1.264
-0.092
3.64
1.82
2.096
-0.216
-0.196
0.192
3.292
-0.58
0.54
3.28
3.128
-0.132
3.784
0.736
0.112
-0.404
0.256
1.12
1.704
0.108
-0.312
2.736
0.232
0.192
1.252
0.644
2.568
0.56
1.776
2.312
0.88
3.896
2.848
2.92
1.912
2.284
2.444
1.28
2.852
2.908
1.588
0.504
3.56
1.12
1.612
2.928
1.12
2.544
0.96
3.248
0.284
0.508
0.764
2.284
1.8
1.592
2.276
-0.348
0.484
3.828
3.824
3.276
2.124
2.588
3.7
1.72
1.572
3.724
1.224
1.9
1.244
0.968
2.056
-0.288
-0.068
1.392
0.468
3.34
0.468
0.936
3.644
2.116
-0.124
2.26
2.0
2.044
1.448
2.516
-0.52
0.54
2.656
1.04
2.228
3.248
0.46
1.904
0.144
2.576
3.648
2.772
0.728
2.6
2.796
1.096
-0.412
2.672
0.468
-0.072
3.088
2.484
0.476
1.768
1.924
0.428
2.692
3.864
1.14
-0.248
3.32
1.556
0.188
0.376
-0.292
2.836
2.62
3.192
3.576
3.2
-0.576
2.764
0.48
1.008
2.492
-0.064
0.132
3.352
3.688
-0.384
3.236
1.256
2.5
0.732
-0.52
2.048
3.432
2.728
2.264
0.364
2.2
1.42
0.4
0.428
1.72
3.108
3.12
0.332
3.712
0.996
3.424
2.908
1.572
1.088
1.52
-0.404
3.808
1.768
2.712
2.668
2.356
0.336
2.876
-0.064
-0.208
1.904
3.38
3.944
0.684
3.132
1.98
3.904
1.032
3.076
3.616
1.208
-0.488
2.204
2.848
-0.344
1.156
2.152
3.752
0.308
3.024
3.464
0.968
2.452
3.8
0.82
2.644
3.276
-0.236
-0.084
-0.396
2.952
2.932
3.16
3.056
1.808
1.404
1.52
-0.4
1.476
2.26
2.76
3.46
2.188
2.332
2.48
2.624
2.616
3.232
2.544
0.264
1.06
2.58
1.324
2.1
1.404
2.504
2.68
1.42
1.864
3.484
3.868
1.332
-0.528
3.108
0.192
3.064
-0.176
0.232
0.972
0.152
0.608
0.592
1.46
0.32
0.104
1.248
2.784
0.82
3.472
-0.104
0.512
2.556
2.724
0.804
3.436
3.376
-0.508
-0.096
1.588
3.82
1.872
1.664
0.544
3.92
2.016
2.596
0.324
1.988
-0.428
0.172
1.364
0.38
-0.432
1.576
3.108
1.516
3.216
3.476
0.304
-0.384
-0.076
1.16
0.556
0.708
0.852
0.328
3.94
2.296
0.44
0.98
0.632
2.364
2.68
-0.596
0.596
3.3
3.26
0.648
0.908
3.556
3.844
3.584
2.964
0.644
0.504
2.652
0.764
2.416
-0.252
-0.504
0.136
2.472
-0.324
0.164
2.368
2.34
-0.356
2.7
1.004
-0.168
3.896
0.336
1.456
3.172
-0.064
2.404
3.32
0.796
1.996
-0.136
3.86
0.824
1.828
2.16
2.616
2.6
1.628
3.7
2.736
1.588
3.352
2.516
1.744
3.116
1.644
3.2
3.368
1.52
1.836
3.688
2.76
3.016
-0.384
-0.424
-0.1
3.784
1.996
2.724
2.088
0.372
0.912
3.684
0.912
0.8
0.476
3.076
3.284
-0.132
2.532
0.48
1.776
3.372
2.312
2.316
2.008
2.732
1.56
0.112
2.292
2.58
0.056
3.088
3.692
3.536
1.8
1.864
-0.564
3.056
0.616
2.784
0.08
3.104
2.244
0.608
1.968
2.044
2.496
1.684
3.928
2.748
1.484
3.26
0.832
3.868
3.836
2.02
3.84
1.284
-0.528
3.708
0.292
2.788
-0.508
3.332
1.052
1.884
0.852
1.904
2.772
0.152
3.188
3.728
0.26
1.268
-0.288
1.848
3.544
3.304
3.632
1.732
-0.08
3.82
3.656
-0.372
0.42
3.488
-0.208
-0.448
1.2
0.136
2.376
1.076
-0.164
1.904
2.716
3.204
2.076
0.336
-0.44
1.084
3.22
2.108
3.088
1.564
1.828
0.632
0.46
3.416
0.252
3.556
1.04
1.624
0.76
2.372
2.592
3.584
-0.072
1.932
-0.228
3.616
3.892
1.376
2.652
1.344
3.248
2.44
3.032
0.348
0.58
0.992
2.984
-0.592
2.38
-0.156
2.476
3.136
1.432
1.432
2.832
3.48
-0.02
3.244
2.152
2.108
-0.056
2.7
2.376
0.292
-0.296
2.688
0.012
0.396
1.336
3.34
3.516
2.032
2.456
2.196
0.268
-0.464
2.176
1.0
-0.128
-0.064
2.392
-0.484
0.988
3.112
3.436
2.916
3.384
3.432
0.892
2.876
0.42
3.388
2.68
2.312
2.192
2.044
2.516
2.828
0.164
3.348
3.316
-0.164
0.272
3.752
2.304
1.276
-0.228
2.768
1.752
3.884
3.628
-0.316
0.556
3.18
2.824
2.804
1.464
0.312
1.628
3.188
1.972
3.14
0.768
