1.1320000000000001
-0.316
0.844
0.248
0.336
0.608
-0.74
1.02
0.008
1.476
-0.756
1.296
1.2
-1.0
-0.644
0.8200000000000001
1.2
0.244
1.1440000000000001
0.488
0.076
-0.304
-0.124
0.188
-1.032
0.02
0.6
-0.86
1.308
-0.872
0.14400000000000002
0.9
0.02
0.752
0.224
0.968
0.588
1.3920000000000001
-0.812
-1.168
0.168
1.44
0.8200000000000001
1.068
0.016
0.728
1.34
0.296
-0.268
-0.6960000000000001
0.588
0.42
-0.068
-0.54
0.168
-1.1440000000000001
0.188
-0.7000000000000001
0.804
-0.076
-1.036
0.428
-0.08
0.092
0.124
1.3920000000000001
0.41600000000000004
-1.088
0.2
-0.748
0.86
0.42
0.084
1.504
-0.588
-1.192
1.3840000000000001
1.436
-0.652
1.216
-0.224
0.264
0.34
0.5720000000000001
-0.032
-1.192
0.34800000000000003
-1.104
-0.752
0.444
-0.608
-0.032
-1.008
-0.536
-1.168
0.924
-0.848
0.44
0.624
1.4000000000000001
-1.068
-0.02
0.904
0.5760000000000001
0.536
0.492
0.23600000000000002
1.124
-0.484
-0.46
-0.17200000000000001
-0.388
-0.868
1.36
-0.972
-0.62
1.44
-0.34800000000000003
0.764
1.2
-1.024
-0.996
1.432
1.3840000000000001
1.552
0.98
-0.108
1.04
0.9520000000000001
-0.26
0.664
0.388
-0.016
1.204
-0.012
-0.28400000000000003
-0.544
-0.9520000000000001
0.792
-0.02
-0.364
1.3920000000000001
1.3960000000000001
0.164
-1.032
-1.072
-0.196
0.2
1.356
0.736
1.536
0.34
1.3960000000000001
1.484
0.312
1.044
0.268
-0.968
-0.428
0.48
0.872
1.268
0.8280000000000001
1.46
1.16
0.304
-0.984
-0.9400000000000001
-0.508
0.6
-0.436
-0.9520000000000001
-0.372
-0.496
-0.9400000000000001
1.328
-0.17200000000000001
-0.976
0.17200000000000001
1.3960000000000001
0.936
0.736
-0.452
1.236
0.368
-0.368
1.096
-0.308
1.12
-0.332
-0.684
-0.124
-0.34800000000000003
0.764
1.424
0.52
1.432
0.112
1.052
0.07200000000000001
0.28
0.62
0.968
0.504
-0.296
-0.252
-0.384
0.676
-0.028
-0.272
0.41200000000000003
0.776
-0.372
0.228
-0.188
-0.92
-0.352
0.268
0.6
0.404
0.796
0.332
0.368
-0.28800000000000003
0.456
1.04
-0.972
-0.268
0.632
1.296
0.14
-1.056
0.8
0.988
-0.156
-0.716
0.984
1.46
0.96
-0.792
-0.548
0.136
-0.768
1.22
1.092
-0.20400000000000001
-0.548
-0.724
-0.168
1.424
1.36
0.304
0.26
-0.592
0.56
-0.6
1.552
-0.536
-1.188
-0.748
-1.024
0.756
0.996
-0.892
0.792
1.304
-0.788
0.604
-0.612
0.52
0.064
-0.9480000000000001
-0.552
1.02
-1.1440000000000001
0.6920000000000001
0.536
-0.084
1.332
-1.0
0.8200000000000001
-0.6
1.356
-1.172
0.272
0.8160000000000001
1.52
1.328
-0.5640000000000001
-0.024
0.22
1.368
-0.336
-0.8240000000000001
-1.1280000000000001
0.464
0.484
-1.1280000000000001
1.516
0.52
-0.884
0.988
1.112
-0.108
1.348
-0.076
0.632
-0.756
1.168
1.3800000000000001
-0.936
1.524
-0.8
1.3800000000000001
-0.324
0.312
0.468
1.06
1.436
1.336
-0.404
-0.292
0.336
1.004
0.548
0.844
1.048
1.516
-0.064
0.42
0.6
1.552
-0.44
0.936
0.148
1.176
1.444
0.9560000000000001
1.16
-0.34400000000000003
1.424
-1.032
-1.196
0.20800000000000002
-0.744
1.3920000000000001
0.7000000000000001
1.116
-1.216
0.484
0.916
1.292
-0.136
0.892
1.244
1.06
1.444
0.372
0.068
1.4000000000000001
1.412
-0.17200000000000001
1.168
-0.596
-0.40800000000000003
1.512
0.136
-0.224
1.412
0.896
-0.752
-0.24
0.96
-0.464
-0.916
-0.772
-0.548
-0.07200000000000001
0.504
1.08
1.1400000000000001
-0.852
1.472
1.556
-0.852
0.984
0.16
-1.096
1.1
1.552
0.516
1.26
-1.176
-0.748
0.1
1.192
-0.376
0.356
1.34
-0.704
0.212
-0.936
1.264
-0.124
1.308
-0.028
-1.064
-0.196
-0.504
-0.836
1.18
-0.084
1.024
1.416
-0.508
0.812
-0.6960000000000001
-0.328
-0.332
1.116
0.444
1.016
0.436
0.508
1.316
0.332
1.42
1.072
0.192
1.432
1.232
-1.1360000000000001
0.916
1.476
-1.124
0.984
-0.06
-0.012
1.476
0.604
-0.1
1.124
1.236
1.352
-0.04
0.176
1.456
1.3800000000000001
-1.028
-1.032
0.148
0.66
-0.896
0.076
-0.908
1.028
-0.176
1.448
0.26
-0.308
0.772
0.384
-0.8240000000000001
0.6
-0.56
1.104
0.632
0.756
-0.28
0.68
-0.488
-0.388
0.224
-1.184
-0.372
0.008
-0.41600000000000004
0.24
0.20400000000000001
1.4040000000000001
-0.708
-0.8280000000000001
-0.152
-0.44
-0.34400000000000003
-0.352
-0.92
-0.2
-0.044
1.1400000000000001
1.548
-0.648
-0.64
-0.304
0.4
-1.12
0.248
1.3800000000000001
0.388
-0.68
1.352
-0.536
-1.096
-0.444
0.992
-0.368
-0.6920000000000001
1.252
-0.796
1.1520000000000001
0.884
0.552
-0.1
0.812
0.396
-0.856
-0.4
-0.5720000000000001
-0.168
-1.008
-0.47600000000000003
-0.52
-0.856
0.328
-0.516
-0.336
0.364
-0.364
0.20400000000000001
0.22
-0.544
-1.016
-0.648
-0.10400000000000001
1.292
-1.044
0.40800000000000003
0.47600000000000003
0.156
0.168
1.244
-0.6
-0.656
0.148
0.068
-1.044
-0.268
-0.968
-0.016
-0.044
1.26
-0.8320000000000001
-0.28800000000000003
1.4000000000000001
0.424
0.44
-0.168
-0.052000000000000005
0.424
0.712
1.512
0.08
-1.06
0.336
0.484
0.404
-0.44
-0.556
1.44
1.54
0.544
-0.028
-1.196
0.5760000000000001
0.732
-1.072
0.296
0.088
0.924
1.084
1.048
1.284
-0.9520000000000001
-1.212
0.808
1.06
0.64
1.112
-0.9560000000000001
-0.5
-0.368
0.888
-1.208
-0.376
0.652
0.308
0.8
0.612
-0.632
0.468
0.6880000000000001
-0.076
1.08
1.204
0.376
-0.524
-0.836
-0.6920000000000001
0.368
-0.728
0.844
-0.592
-1.052
-0.152
0.23600000000000002
-1.092
1.412
0.52
1.372
0.9
-1.072
-0.38
-1.188
-0.12
0.46
1.1400000000000001
-0.148
-0.592
0.004
-0.5720000000000001
-0.17200000000000001
-1.2
0.304
1.496
0.036000000000000004
0.044
1.52
1.156
-0.684
0.16
0.704
0.444
1.536
0.84
0.16
-0.78
-1.164
0.352
-0.732
0.5720000000000001
0.852
-1.064
-0.328
-0.74
-1.104
0.556
-0.9560000000000001
0.07200000000000001
1.232
-0.1
-0.2
0.964
1.264
0.9
-0.584
0.444
-0.112
-0.532
-0.492
0.448
-0.028
1.076
1.556
1.464
1.532
-0.256
-0.56
0.656
-0.292
-1.1
-0.356
0.044
0.47200000000000003
1.312
-0.96
0.768
-0.064
-0.1
-1.2
-0.616
-0.728
-1.216
-0.512
0.096
0.928
0.536
-0.492
-0.8280000000000001
-0.64
0.14400000000000002
0.32
-0.632
1.08
-0.052000000000000005
0.196
1.052
0.20800000000000002
1.24
-0.332
1.096
0.936
-1.216
-0.336
1.272
-1.1440000000000001
-0.168
0.896
1.504
0.924
0.164
-0.216
1.416
0.22
-1.204
0.932
-0.8200000000000001
0.052000000000000005
-0.268
0.196
-0.644
-0.392
1.492
0.4
-0.512
-0.652
0.136
1.3840000000000001
-0.02
-0.376
0.4
1.308
0.648
0.052000000000000005
-0.8240000000000001
-0.516
1.268
0.336
-0.132
-0.976
-0.9
-0.6
0.17200000000000001
0.384
-1.096
-0.844
0.192
0.28800000000000003
0.436
-0.876
1.124
0.984
0.528
0.908
0.644
-0.47600000000000003
1.332
0.776
-0.292
1.112
-0.884
-0.616
-0.836
-0.716
1.264
0.888
-1.156
1.452
1.448
-0.488
1.052
-0.28800000000000003
-1.068
0.364
-1.16
1.248
1.004
1.204
0.532
0.14
-0.776
0.108
0.40800000000000003
-0.24
1.1
0.10400000000000001
-0.044
0.784
0.808
0.56
0.04
-0.592
0.62
-0.06
-1.024
0.652
0.508
0.368
1.264
-0.812
-0.012
1.412
0.012
0.41200000000000003
-0.372
-0.12
1.4040000000000001
0.388
-0.932
0.008
0.08
1.292
0.612
-1.2
1.1360000000000001
-0.08
-0.028
-0.6880000000000001
1.464
0.424
-0.004
-0.5760000000000001
-1.2
-1.1
-0.47600000000000003
0.876
-0.8240000000000001
1.052
0.9520000000000001
1.552
0.784
0.496
0.156
-0.856
-1.1
1.412
0.544
-0.36
-0.852
-1.092
-0.864
1.36
-0.844
1.436
-1.036
1.096
0.516
0.736
1.364
1.1520000000000001
-1.164
0.9
1.544
-0.452
0.132
1.54
0.34
1.364
-0.308
-1.208
1.1
0.456
0.9400000000000001
-0.376
-0.624
-0.064
0.8240000000000001
1.088
0.176
1.228
-0.624
-0.584
-0.12
0.644
1.24
1.42
-1.04
-1.012
0.484
0.38
-0.304
-1.216
-0.672
-0.34400000000000003
0.224
1.316
0.9
1.2
-0.088
0.42
1.512
1.3
-0.964
-0.1
1.352
-0.324
-1.06
-0.32
-0.864
0.884
-0.732
0.432
-0.792
0.592
1.52
-0.924
-0.62
-0.728
0.024
-0.6
0.176
0.58
1.012
1.516
1.188
0.736
0.656
1.1
0.316
0.512
-0.136
-0.924
-0.616
0.228
-1.056
0.588
0.432
-0.808
1.368
0.36
0.212
0.312
1.356
-0.656
0.596
1.324
0.584
-0.792
-1.068
-0.456
-0.66
0.96
1.084
-1.212
-0.192
-0.5720000000000001
-0.032
0.024
0.628
0.916
-0.88
0.66
0.252
1.112
0.988
0.872
-0.336
-0.508
-0.28400000000000003
1.212
0.512
0.788
0.48
-0.9520000000000001
0.66
-0.54
0.86
1.416
0.14
0.248
-0.624
-0.20400000000000001
-1.084
-0.1
-0.448
-0.484
0.664
-1.024
-0.672
1.304
-0.796
-0.996
0.26
-1.1
0.036000000000000004
-0.5760000000000001
0.544
0.232
-0.664
1.556
-0.608
-0.212
0.892
1.104
1.428
1.188
1.3800000000000001
0.84
-1.16
1.46
-0.512
-1.1
0.396
0.764
-0.18
1.352
-0.26
0.5760000000000001
-0.652
0.47200000000000003
0.308
-1.088
-0.40800000000000003
-0.364
0.8240000000000001
0.372
1.52
0.648
0.72
-0.9480000000000001
-1.188
1.1520000000000001
0.744
0.28800000000000003
-0.212
-0.024
0.452
-0.9400000000000001
-1.052
-0.92
0.744
0.632
0.924
0.852
-0.48
0.352
-0.244
0.9560000000000001
-0.86
-0.672
1.1480000000000001
0.804
-0.764
0.08
1.22
-0.276
1.508
0.432
0.34400000000000003
0.02
0.276
1.452
-0.772
-0.536
1.484
0.884
0.556
-0.32
1.496
-0.124
-0.048
-0.616
1.084
0.26
0.708
0.42
1.224
0.788
-1.068
-0.18
0.112
0.464
1.248
0.252
-0.48
-0.6960000000000001
0.212
0.14
-0.48
-0.08
1.26
-0.136
-0.228
-0.024
0.7000000000000001
