0m0.267s 1 0 121513 119758 5
0m3.446s 1 0 1139041 1122574 6
0m3.577s 1 0 1139041 1122576 6
0m37.212s 0 1 10000001 9859919 0
0m0.034s 1 0 12961 12775 4
0m3.234s 1 0 1139041 1122574 6
0m39.616s 0 1 10000004 9859820 0
0m37.838s 0 1 10000000 9860291 0
0m0.270s 1 0 121513 119758 5
0m3.096s 1 0 1139041 1122575 6
0m36.470s 0 1 10000008 9859674 0
0m0.278s 1 0 121513 119758 5
0m36.792s 0 1 10000010 9860570 0
0m37.287s 0 1 10000000 9859528 0
0m0.304s 1 0 121513 119758 5
0m36.857s 0 1 10000004 9860119 0
0m3.117s 1 0 1139041 1122574 6
0m3.052s 1 0 1139041 1122578 6
0m37.894s 0 1 10000007 9859896 0
0m37.263s 0 1 10000001 9859795 0
0m3.200s 1 0 1139041 1122574 6
0m36.243s 0 1 10000010 9859640 0
0m0.292s 1 0 121513 119758 5
0m3.066s 1 0 1139041 1122574 6
0m0.034s 1 0 12961 12775 4
0m3.030s 1 0 1139041 1122574 6
0m36.630s 0 1 10000003 9859800 0
0m3.120s 1 0 1139041 1122574 6
0m36.116s 0 1 10000010 9859638 0
0m0.296s 1 0 121513 119758 5
0m3.087s 1 0 1139041 1122574 6
0m36.107s 0 1 10000004 9860269 0
0m36.195s 0 1 10000008 9862056 0
0m0.285s 1 0 121513 119759 5
0m3.079s 1 0 1139041 1122575 6
0m3.083s 1 0 1139041 1122575 6
0m36.117s 0 1 10000008 9859752 0
0m35.779s 0 1 10000010 9863227 0
0m3.144s 1 0 1139041 1122574 6
0m3.092s 1 0 1139041 1122574 6
0m36.289s 0 1 10000002 9859369 0
0m35.848s 0 1 10000003 9860002 0
0m3.127s 1 0 1139041 1122574 6
0m37.482s 0 1 10000006 9862212 0
0m3.596s 1 0 1139041 1122574 6
0m3.628s 1 0 1139041 1122574 6
0m40.920s 0 1 10000003 9863114 0
0m3.303s 1 0 1139041 1122574 6
0m38.268s 0 1 10000003 9862296 0
0m37.733s 0 1 10000001 9859821 0
0m3.450s 1 0 1139041 1122574 6
0m36.791s 0 1 10000007 9859366 0
0m3.154s 1 0 1139041 1122574 6
0m36.009s 0 1 10000010 9860064 0
0m3.143s 1 0 1139041 1122574 6
0m35.990s 0 1 10000003 9859575 0
0m36.212s 0 1 10000009 9860447 0
0m35.566s 0 1 10000006 9859192 0
0m3.095s 1 0 1139041 1122574 6
0m3.095s 1 0 1139041 1122574 6
0m3.093s 1 0 1139041 1122574 6
0m3.085s 1 0 1139041 1122574 6
0m36.567s 0 1 10000007 9858756 0
0m0.284s 1 0 121513 119758 5
0m3.045s 1 0 1139041 1122574 6
0m2.942s 1 0 1139041 1122574 6
0m36.459s 0 1 10000006 9859660 0
0m36.372s 0 1 10000001 9859299 0
0m0.282s 1 0 121513 119758 5
0m3.123s 1 0 1139041 1122574 6
0m0.035s 1 0 12961 12775 4
0m2.947s 1 0 1139041 1122574 6
0m36.246s 0 1 10000007 9860188 0
0m36.397s 0 1 10000000 9859422 0
0m35.340s 0 1 10000003 9860424 0
0m0.290s 1 0 121513 119758 5
0m36.102s 0 1 10000008 9859488 0
0m3.128s 1 0 1139041 1122576 6
0m3.020s 1 0 1139041 1122575 6
0m35.690s 0 1 10000009 9859861 0
0m3.156s 1 0 1139041 1122574 6
0m3.008s 1 0 1139041 1122574 6
0m2.982s 1 0 1139041 1122574 6
0m3.017s 1 0 1139041 1122574 6
0m3.049s 1 0 1139041 1122574 6
0m36.644s 0 1 10000008 9860197 0
0m3.145s 1 0 1139041 1122575 6
0m2.999s 1 0 1139041 1122574 6
0m38.792s 0 1 10000007 9859974 0
0m3.536s 1 0 1139041 1122577 6
0m3.820s 1 0 1139041 1122574 6
0m36.898s 0 1 10000004 9859961 0
0m3.155s 1 0 1139041 1122576 6
0m3.173s 1 0 1139041 1122574 6
0m35.733s 0 1 10000006 9864069 0
0m3.233s 1 0 1139041 1122574 6
0m3.103s 1 0 1139041 1122576 6
0m36.785s 0 1 10000009 9860161 0
0m0.293s 1 0 121513 119759 5
0m38.954s 0 1 10000001 9860501 0
