0m0.290s 1 0 121513 119758 5
0m3.705s 1 0 1139041 1122574 6
0m4.266s 1 0 1139041 1122575 6
0m41.989s 0 1 10000008 9861404 0
0m0.040s 1 0 12961 12776 4
0m3.453s 1 0 1139041 1122574 6
0m43.051s 0 1 10000007 9858340 0
0m43.274s 0 1 10000005 9859523 0
0m0.355s 1 0 121513 119758 5
0m3.592s 1 0 1139041 1122574 6
0m42.843s 0 1 10000008 9860536 0
0m0.415s 1 0 121513 119758 5
0m44.298s 0 1 10000004 9861513 0
0m43.611s 0 1 10000002 9859651 0
0m0.327s 1 0 121513 119758 5
0m39.372s 0 1 10000005 9858724 0
0m3.366s 1 0 1139041 1122574 6
0m3.547s 1 0 1139041 1122575 6
0m41.593s 0 1 10000009 9860661 0
0m46.029s 0 1 10000001 9859493 0
0m4.198s 1 0 1139041 1122574 6
0m43.637s 0 1 10000007 9858328 0
0m0.432s 1 0 121513 119758 5
0m3.799s 1 0 1139041 1122574 6
0m0.041s 1 0 12961 12776 4
0m3.890s 1 0 1139041 1122575 6
0m44.123s 0 1 10000000 9857112 0
0m4.117s 1 0 1139041 1122574 6
0m44.208s 0 1 10000007 9859603 0
0m0.347s 1 0 121513 119758 5
0m3.769s 1 0 1139041 1122577 6
0m42.791s 0 1 10000003 9860150 0
0m43.292s 0 1 10000004 9857211 0
0m0.364s 1 0 121513 119761 5
0m3.769s 1 0 1139041 1122574 6
0m4.199s 1 0 1139041 1122574 6
0m45.943s 0 1 10000009 9859529 0
0m40.129s 0 1 10000003 9856962 0
0m3.455s 1 0 1139041 1122574 6
0m3.543s 1 0 1139041 1122574 6
0m41.842s 0 1 10000006 9860124 0
0m44.613s 0 1 10000000 9858996 0
0m3.944s 1 0 1139041 1122575 6
0m39.684s 0 1 10000009 9855649 0
0m3.825s 1 0 1139041 1122575 6
0m3.884s 1 0 1139041 1122575 6
0m40.810s 0 1 10000004 9857407 0
0m3.997s 1 0 1139041 1122574 6
0m46.452s 0 1 10000001 9856354 0
0m41.058s 0 1 10000000 9858817 0
0m3.466s 1 0 1139041 1122574 6
0m39.014s 0 1 10000005 9858177 0
0m3.482s 1 0 1139041 1122574 6
0m39.068s 0 1 10000003 9860107 0
0m3.483s 1 0 1139041 1122575 6
0m39.270s 0 1 10000001 9858395 0
0m38.583s 0 1 10000008 9858992 0
0m38.857s 0 1 10000009 9858983 0
0m3.774s 1 0 1139041 1122575 6
0m3.440s 1 0 1139041 1122574 6
0m3.847s 1 0 1139041 1122574 6
0m3.824s 1 0 1139041 1122575 6
0m43.595s 0 1 10000002 9856566 0
0m0.373s 1 0 121513 119758 5
0m3.928s 1 0 1139041 1122574 6
0m3.820s 1 0 1139041 1122574 6
0m46.530s 0 1 10000009 9857684 0
0m40.690s 0 1 10000006 9859675 0
0m0.330s 1 0 121513 119758 5
0m3.682s 1 0 1139041 1122574 6
0m0.044s 1 0 12961 12775 4
0m3.595s 1 0 1139041 1122574 6
0m40.887s 0 1 10000004 9861685 0
0m40.224s 0 1 10000004 9859020 0
0m40.731s 0 1 10000005 9862071 0
0m0.342s 1 0 121513 119758 5
0m40.370s 0 1 10000001 9859418 0
0m3.538s 1 0 1139041 1122574 6
0m3.469s 1 0 1139041 1122574 6
0m40.737s 0 1 10000008 9859315 0
0m3.513s 1 0 1139041 1122574 6
0m3.418s 1 0 1139041 1122575 6
0m3.411s 1 0 1139041 1122574 6
0m3.435s 1 0 1139041 1122574 6
0m3.474s 1 0 1139041 1122574 6
0m39.952s 0 1 10000004 9859995 0
0m3.485s 1 0 1139041 1122574 6
0m3.448s 1 0 1139041 1122574 6
0m40.927s 0 1 10000004 9858175 0
0m3.445s 1 0 1139041 1122574 6
0m3.427s 1 0 1139041 1122574 6
0m39.296s 0 1 10000001 9858841 0
0m3.456s 1 0 1139041 1122575 6
0m3.323s 1 0 1139041 1122574 6
0m39.592s 0 1 10000005 9857124 0
0m3.543s 1 0 1139041 1122574 6
0m3.454s 1 0 1139041 1122574 6
0m40.223s 0 1 10000007 9859859 0
0m0.353s 1 0 121513 119758 5
0m40.181s 0 1 10000002 9858553 0
