0m0.245s 17 0 5710.24 4880.53 7.41624
0m0.395s 17 0 9873.41 9477.94 6.35647
0m0.113s 17 0 3176.35 2833.76 7.88706
0m0.182s 17 0 3401.35 2688.59 9.06424
0m0.214s 17 0 3265.65 2457.71 9.53541
0m0.741s 17 0 15396.5 13497.6 9.30012
0m0.692s 17 0 10681.5 8484.18 10.7121
0m0.281s 17 0 5204.53 4198.88 9.41741
0m0.455s 17 0 11347.3 10562.3 7.06235
0m0.324s 17 0 6359.88 5171.35 9.53553
0m0.730s 17 0 15172.8 13553.3 8.12235
0m1.248s 17 0 16430.1 12486.9 8.00494
0m0.295s 17 0 7015.24 5868.18 10.3595
0m0.495s 17 0 13074.3 12003.5 5.76765
0m0.129s 17 0 3176.59 2688.41 8.00494
0m0.057s 17 0 886.412 783.588 6.35694
0m0.510s 17 0 12196.2 11117.8 8.12235
0m0.204s 17 0 4391.47 3715.47 7.18059
0m0.329s 17 0 6930.18 5822.12 8.71071
0m1.253s 17 0 17673.6 13369.5 9.53459
0m0.361s 17 0 8838.53 7744.94 8.35765
0m0.087s 17 0 1874.18 1557.41 8.47612
0m0.326s 17 0 7308.12 5910.12 10.5949
0m0.162s 17 0 4248.53 3720.41 8.82847
0m0.280s 17 0 6856.06 6011.88 8.71106
0m0.227s 17 0 4345.71 3500.35 8.94671
0m0.902s 17 0 18145.2 16071.4 9.53529
0m0.102s 17 0 2375.71 2062.06 7.18047
0m0.791s 17 0 16585.2 14577.6 9.41753
0m1.293s 17 0 19003.6 14637.2 10.4762
0m0.257s 17 0 5759.82 4950 9.06435
0m0.570s 17 0 11335.7 9156.65 9.06424
0m1.189s 17 0 16324.9 12298.2 9.65294
0m0.285s 17 0 6664.82 5541.41 9.18176
0m0.181s 17 0 5055.29 4448 7.88694
0m0.285s 17 0 5980.94 4668.65 9.53482
0m0.603s 17 0 16341.2 14995.2 7.65141
0m0.184s 17 0 4812.59 4091.18 8.71118
0m0.304s 17 0 7581.12 6650.59 8.47565
0m0.308s 17 0 5417.18 4419 8.71106
0m0.106s 17 0 3287.71 3062.47 6.35694
0m0.192s 17 0 3656.24 3050.12 10.0059
0m0.502s 17 0 8821.35 6773.53 10.5952
0m0.615s 17 0 14745.1 13403.9 8.47553
0m0.096s 17 0 2219.29 1971.06 6.00353
0m0.494s 17 0 11032.5 10166.3 7.06294
0m0.257s 17 0 5539.76 4499.53 9.65282
0m0.257s 17 0 5444.12 4410.65 9.41741
0m0.104s 17 0 2346.41 1971.94 8.12306
0m0.362s 17 0 9009.88 7503.76 10.2409
0m0.254s 17 0 6064.12 5322.82 6.47412
0m0.061s 17 0 1327.24 1223.82 5.17953
0m0.526s 17 0 12383.6 11315.9 7.18047
0m0.156s 17 0 3652.82 2955.24 8.594
0m0.312s 17 0 5769.35 4643.53 8.47565
0m0.201s 17 0 4717.24 3948.88 6.00365
0m0.062s 17 0 1156.18 961.765 8.12247
0m0.401s 17 0 9992 9467.35 7.76941
0m0.390s 17 0 7205.71 5873.71 10.1231
0m0.156s 17 0 3587.53 3166.35 5.65059
0m0.363s 17 0 6169.41 5112.82 8.59365
0m0.432s 17 0 10635.1 9960.24 7.76965
0m0.244s 17 0 5101.06 4098.29 7.53341
0m0.126s 17 0 3403.24 2779.47 8.47541
0m0.233s 17 0 5278.53 4555.41 8.71106
0m0.216s 17 0 4361.24 3539.71 7.18059
0m0.137s 17 0 2995.41 2637.24 7.41612
0m0.138s 17 0 3403.24 2932.06 9.29976
0m0.604s 17 0 12392.4 11259.8 10.0062
0m0.239s 17 0 4816.41 3832.35 8.47565
0m0.153s 17 0 3488.82 3081.24 6.47435
0m0.291s 17 0 5607.53 4658.65 10.4771
0m0.684s 17 0 17990 17179.8 7.18059
0m0.274s 17 0 6646.41 5451.29 10.124
0m0.130s 17 0 3455.35 2847.29 9.182
0m0.520s 17 0 11738.8 10441.5 6.82776
0m0.220s 17 0 4639.53 3727.65 9.06435
0m0.374s 17 0 9249.12 8707.12 9.29988
0m0.672s 17 0 13358.7 11974.7 5.17929
0m0.274s 17 0 6301.18 4972.59 10.7124
0m0.316s 17 0 7706.71 6598.59 10.4768
0m0.156s 17 0 3702 2903.65 9.65329
0m0.082s 17 0 1525.59 1202.71 8.00506
0m0.215s 17 0 4597.47 3811.41 8.00482
0m0.572s 17 0 8629.47 6628.12 10.4767
0m0.513s 17 0 11902.5 10902.6 10.4765
0m0.247s 17 0 6286.59 5305.12 9.88824
0m0.214s 17 0 5727.12 4972.94 10.5944
0m1.233s 17 0 13608.2 10031.7 6.47459
0m0.449s 17 0 8983.41 8424.71 6.94541
0m0.973s 17 0 17675.9 15577.2 10.594
0m0.216s 17 0 5684.71 4683.29 10.3588
0m0.717s 17 0 14978.8 13543.6 9.88835
0m0.177s 17 0 3891.35 3312.35 10.5946
0m0.740s 17 0 14767.1 13080.7 8.946
0m0.247s 17 0 6247.59 5404.12 7.41635
0m0.225s 17 0 4646.41 4022.65 8.71153
0m1.263s 17 0 17494.1 13266.2 8.59341
0m0.098s 17 0 2702.59 2317.82 10.2413
0m0.071s 17 0 1461.53 1151.94 8.00506
